2
S
0 Milk 30.0 1.472984439281E12
1 Chocolate 30.0 1.472984439284E12
2 Banana 30.0 1.472984439285E12
4 Ice-cream 300.0 1.472984440578E12
5 Lemon 40.0 1.472984440581E12
6 Meat 400.0 1.472984440589E12
7 Spaghetti 23.0 1.472984440593E12
8 Milk 30.0 1.472984442679E12
9 Chocolate 30.0 1.472984442682E12
10 Banana 30.0 1.472984442691E12
11 Apple 30.0 1.472984442696E12
12 Ice-cream 300.0 1.472984444781E12
13 Lemon 40.0 1.472984444783E12
14 Meat 400.0 1.472984444795E12
15 Spaghetti 23.0 1.472984444798E12
16 Milk 30.0 1.472984446882E12
17 Chocolate 30.0 1.472984446884E12
18 Banana 30.0 1.472984446895E12
19 Apple 30.0 1.472984446899E12
20 Ice-cream 300.0 1.472984448984E12
21 Lemon 40.0 1.472984448989E12
22 Meat 400.0 1.472984448996E12
23 Spaghetti 23.0 1.472984449007E12
24 Milk 30.0 1.472984451085E12
25 Chocolate 30.0 1.472984451091E12
26 Banana 30.0 1.472984451099E12
27 Apple 30.0 1.472984451102E12
28 Ice-cream 300.0 1.472984453186E12
29 Lemon 40.0 1.472984453191E12
30 Meat 400.0 1.472984453199E12
31 Spaghetti 23.0 1.472984453203E12
32 Milk 30.0 1.472984455287E12
33 Chocolate 30.0 1.472984455293E12
34 Banana 30.0 1.4729844553E12
35 Apple 30.0 1.47298445531E12
D
